0 0.016444
1 0.036497
2 0.024682
3 0.026175
4 0.025009
5 0.026026
6 0.027468
7 0.027454
8 0.034832
9 0.025996
10 0.024728
11 0.025017
12 0.025152
13 0.025296
14 0.024527
15 0.025582
16 0.025764
17 0.02572
18 0.026028
19 0.024559
20 0.024745
21 0.025121
22 0.024881
23 0.026129
24 0.025339
25 0.025231
26 0.026308
27 0.027005
28 0.024725
29 0.025666
30 0.025424
31 0.024848
32 0.024934
33 0.025525
34 0.024801
35 0.025626
36 0.026176
37 0.02519
38 0.02487
39 0.025198
40 0.025159
41 0.025679
42 0.02511
43 0.026357
44 0.024724
45 0.024845
46 0.025345
47 0.024977
48 0.025155
49 0.024877
50 0.025454
51 0.024931
52 0.024772
53 0.025744
54 0.024873
55 0.025481
56 0.024725
57 0.025209
58 0.024809
59 0.025015
60 0.025428
61 0.02507
62 0.025603
63 0.024962
64 0.025317
65 0.025854
66 0.024916
67 0.025347
68 0.024941
69 0.024843
70 0.024853
71 0.024756
72 0.024955
73 0.024773
74 0.025894
75 0.025958
76 0.026363
77 0.027604
78 0.029217
79 0.029795
80 0.030825
81 0.037345
82 0.037041
83 0.033044
84 0.025183
85 0.025214
86 0.024883
87 0.025303
88 0.025549
89 0.025476
90 0.025422
91 0.024929
92 0.026847
93 0.025328
94 0.02516
95 0.024837
96 0.029406
97 0.032784
98 0.025459
99 0.02642
100 0.024991
101 0.025439
102 0.025053
103 0.025502
104 0.026088
105 0.025284
106 0.026472
107 0.025377
108 0.025587
109 0.025572
110 0.025672
111 0.026638
112 0.025027
113 0.025535
114 0.026024
115 0.025662
116 0.025903
117 0.024853
118 0.025599
119 0.025811
120 0.025224
121 0.025111
122 0.025034
123 0.027695
124 0.026875
125 0.02722
126 0.026328
127 0.028187
128 0.025432
129 0.02531
130 0.025408
131 0.025617
132 0.025243
133 0.025232
134 0.0264
135 0.026585
136 0.027072
137 0.025759
138 0.02524
139 0.025756
140 0.02566
141 0.025442
142 0.025914
143 0.025541
144 0.025402
145 0.026124
146 0.026448
147 0.026869
148 0.025809
149 0.025557
150 0.025317
151 0.025447
152 0.025683
153 0.025101
154 0.025614
155 0.027412
156 0.025744
157 0.026019
158 0.025605
159 0.026304
160 0.025216
161 0.025188
162 0.027208
163 0.025561
164 0.025347
165 0.025228
166 0.028511
167 0.029742
168 0.029747
169 0.029708
170 0.029973
171 0.029076
172 0.025631
173 0.025161
174 0.025102
175 0.025794
176 0.025469
177 0.026499
178 0.025646
179 0.026546
180 0.025592
181 0.026111
182 0.028229
183 0.025197
184 0.025351
185 0.025629
186 0.02574
187 0.026155
188 0.025688
189 0.025298
190 0.026202
191 0.025642
192 0.025269
193 0.025178
194 0.026174
195 0.025226
196 0.025944
197 0.026182
198 0.026297
199 0.025885
200 0.025399
201 0.026402
202 0.025755
203 0.026183
204 0.025785
205 0.026157
206 0.028923
207 0.026256
208 0.026407
209 0.025898
210 0.025664
211 0.025386
212 0.026452
213 0.026699
214 0.025758
215 0.025939
216 0.025259
217 0.025503
218 0.027568
219 0.025796
220 0.026809
221 0.025325
222 0.025844
223 0.02558
224 0.027728
225 0.028101
226 0.02543
227 0.025477
228 0.026014
229 0.028287
230 0.025705
231 0.026411
232 0.029823
233 0.029346
234 0.030013
235 0.029602
236 0.029339
237 0.026398
238 0.02619
239 0.02579
240 0.02621
241 0.026386
242 0.025698
243 0.027034
244 0.025221
245 0.025507
246 0.026639
247 0.027667
248 0.030735
249 0.02557
250 0.025296
251 0.026709
252 0.025889
253 0.027596
254 0.027536
255 0.025758
256 0.026765
257 0.026138
258 0.025945
259 0.02753
260 0.026243
261 0.026447
262 0.025883
263 0.026632
264 0.025853
265 0.026354
266 0.025851
267 0.027681
268 0.029317
269 0.033598
270 0.026414
271 0.030274
272 0.026426
273 0.025768
274 0.027962
275 0.025379
276 0.026784
277 0.025942
278 0.025887
279 0.027185
280 0.025726
281 0.026645
282 0.026003
283 0.02667
284 0.02633
285 0.025537
286 0.028034
287 0.025874
288 0.027008
289 0.037006
290 0.026375
291 0.02588
292 0.026025
293 0.02712
294 0.026713
295 0.025916
296 0.026243
297 0.028499
298 0.025632
299 0.026076
300 0.026366
301 0.026132
302 0.026076
303 0.026306
304 0.027101
305 0.026704
306 0.026022
307 0.025675
308 0.02899
309 0.026081
310 0.026224
311 0.027551
312 0.027647
313 0.025841
314 0.027277
315 0.027045
316 0.027255
317 0.025941
318 0.025901
319 0.025662
320 0.026758
321 0.027497
322 0.02622
323 0.026842
324 0.027812
325 0.027455
326 0.025798
327 0.027376
328 0.033625
329 0.027554
330 0.02604
331 0.026463
332 0.025882
333 0.02556
334 0.026324
335 0.026373
336 0.025755
337 0.025772
338 0.025649
339 0.026618
340 0.027011
341 0.02574
342 0.025712
343 0.02642
344 0.026391
345 0.025825
346 0.026899
347 0.025619
348 0.02566
349 0.026134
350 0.026002
351 0.026231
352 0.026697
353 0.025944
354 0.027216
355 0.0261
356 0.025869
357 0.02628
358 0.026658
359 0.026282
360 0.025812
361 0.026237
362 0.0263
363 0.027175
364 0.028153
365 0.026263
366 0.026175
367 0.026094
368 0.025945
369 0.026782
370 0.026636
371 0.025597
372 0.0262
373 0.026749
374 0.027745
375 0.026829
376 0.026413
377 0.041283
378 0.026098
379 0.027108
380 0.02687
381 0.026629
382 0.026304
383 0.028721
384 0.027102
385 0.026618
386 0.027782
387 0.025689
388 0.027648
389 0.026269
390 0.026879
391 0.02927
392 0.028158
393 0.026223
394 0.026039
395 0.026416
396 0.027602
397 0.033925
398 0.026688
399 0.026731
400 0.026562
401 0.026474
402 0.028325
403 0.031178
404 0.039901
405 0.027551
406 0.033249
407 0.026875
408 0.026488
409 0.02756
410 0.028963
411 0.026608
412 0.027346
413 0.026007
414 0.026969
415 0.027103
416 0.027045
417 0.033495
418 0.026457
419 0.026385
420 0.026767
421 0.027062
422 0.026913
423 0.02975
424 0.026635
425 0.026543
426 0.02823
427 0.026094
428 0.027425
429 0.02652
430 0.026433
431 0.026103
432 0.026102
433 0.026896
434 0.027425
435 0.026682
436 0.027383
437 0.026089
438 0.026508
439 0.026749
440 0.028136
441 0.026671
442 0.026858
443 0.026221
444 0.02931
445 0.029818
446 0.02622
447 0.02658
448 0.026268
449 0.029019
450 0.025887
451 0.029573
452 0.028367
453 0.026951
454 0.027483
455 0.028306
456 0.02634
457 0.026628
458 0.026776
459 0.026944
460 0.026653
461 0.027209
462 0.028173
463 0.028462
464 0.030594
465 0.039553
466 0.041659
467 0.036734
468 0.027277
469 0.027742
470 0.026693
471 0.026102
472 0.027454
473 0.025969
474 0.026058
475 0.026229
476 0.026902
477 0.026708
478 0.037421
479 0.02996
480 0.025991
481 0.026209
482 0.025756
483 0.027259
484 0.026225
485 0.028591
486 0.026047
487 0.027847
488 0.025931
489 0.026096
490 0.026589
491 0.026297
492 0.026232
493 0.025846
494 0.02592
495 0.026258
496 0.02638
497 0.026913
498 0.029612
499 0.034666
500 0.033884
501 0.030256
502 0.029916
503 0.029649
504 0.030753
505 0.034797
506 0.030997
507 0.02891
508 0.026021
509 0.026443
510 0.026471
511 0.025761
512 0.027333
513 0.02598
514 0.025843
515 0.025831
516 0.030029
517 0.027084
518 0.025974
519 0.025764
520 0.026121
521 0.029022
522 0.026374
523 0.028326
524 0.0265
525 0.026384
526 0.025882
527 0.026924
528 0.027183
529 0.027604
530 0.026657
531 0.027568
532 0.026406
533 0.028268
534 0.02888
535 0.02657
536 0.027086
537 0.026799
538 0.026136
539 0.026889
540 0.027262
541 0.026048
542 0.027389
543 0.026879
544 0.028383
545 0.027067
546 0.026872
547 0.026877
548 0.027516
549 0.027059
550 0.02636
551 0.027152
552 0.026771
553 0.026684
554 0.026741
555 0.026501
556 0.025963
557 0.026057
558 0.032912
559 0.040926
560 0.030827
561 0.028003
562 0.027392
563 0.026428
564 0.026747
565 0.027509
566 0.026795
567 0.027185
568 0.026621
569 0.212787
570 0.041295
571 0.032684
572 0.027756
573 0.036718
574 0.026793
575 0.027762
576 0.029618
577 0.027942
578 0.027263
579 0.027957
580 0.026227
581 0.026371
582 0.026407
583 0.026933
584 0.027419
585 0.027045
586 0.026563
587 0.026665
588 0.026383
589 0.026302
590 0.026924
591 0.027016
592 0.027286
593 0.030869
594 0.026434
595 0.026651
596 0.025928
597 0.027028
598 0.026287
599 0.028836
600 0.028115
601 0.02858
602 0.027233
603 0.026692
604 0.026796
605 0.027606
606 0.026355
607 0.02643
608 0.02627
609 0.026163
610 0.026798
611 0.027934
612 0.026614
613 0.02647
614 0.026458
615 0.027129
616 0.029064
617 0.027084
618 0.032443
619 0.032286
620 0.027813
621 0.026268
622 0.029621
623 0.02739
624 0.026639
625 0.026072
626 0.026372
627 0.026039
628 0.026067
629 0.026772
630 0.028016
631 0.028262
632 0.026699
633 0.026218
634 0.026623
635 0.026836
636 0.026527
637 0.026765
638 0.026094
639 0.026983
640 0.02759
641 0.026643
642 0.026496
643 0.027245
644 0.026148
645 0.026606
646 0.027219
647 0.026541
648 0.028653
649 0.027544
650 0.026784
651 0.026275
652 0.026841
653 0.026728
654 0.027254
655 0.027016
656 0.027058
657 0.029323
658 0.026577
659 0.026698
660 0.026316
661 0.027051
662 0.028192
663 0.027428
664 0.028676
665 0.026183
666 0.026757
667 0.026602
668 0.027057
669 0.027011
670 0.027758
671 0.027433
672 0.02633
673 0.02727
674 0.027511
675 0.028719
676 0.027751
677 0.027324
678 0.026908
679 0.028236
680 0.028416
681 0.028756
682 0.028294
683 0.026943
684 0.027177
685 0.02702
686 0.027924
687 0.02746
688 0.026757
689 0.026777
690 0.026495
691 0.027785
692 0.029281
693 0.037164
694 0.026801
695 0.026847
696 0.027522
697 0.026813
698 0.026764
699 0.02954
700 0.026386
701 0.026431
702 0.027325
703 0.030019
704 0.027569
705 0.029802
706 0.026779
707 0.026637
708 0.027242
709 0.02746
710 0.028288
711 0.027379
712 0.028394
713 0.028236
714 0.026406
715 0.02737
716 0.027164
717 0.026753
718 0.027828
719 0.026822
720 0.027422
721 0.027342
722 0.027136
723 0.026916
724 0.027374
725 0.027006
726 0.027089
727 0.027116
728 0.026478
729 0.026597
730 0.028376
731 0.026876
732 0.026473
733 0.026774
734 0.026817
735 0.026852
736 0.026853
737 0.026448
738 0.028176
739 0.027771
740 0.027137
741 0.026919
742 0.027102
743 0.026835
744 0.028143
745 0.028683
746 0.026947
747 0.027379
748 0.027932
749 0.026792
750 0.026478
751 0.030997
752 0.027389
753 0.027153
754 0.027382
755 0.026919
756 0.027427
757 0.02747
758 0.028605
759 0.027715
760 0.027482
761 0.027631
762 0.026946
763 0.026819
764 0.028433
765 0.028909
766 0.026677
767 0.026907
768 0.027785
769 0.026736
770 0.026988
771 0.028192
772 0.027235
773 0.026661
774 0.027266
775 0.027548
776 0.027584
777 0.028132
778 0.027606
779 0.036758
780 0.027631
781 0.026777
782 0.030055
783 0.027342
784 0.026863
785 0.03015
786 0.026933
787 0.027769
788 0.027671
789 0.029253
790 0.029187
791 0.030664
792 0.027176
793 0.03022
794 0.028179
795 0.028572
796 0.038276
797 0.03156
798 0.031735
799 0.031339
800 0.035387
801 0.031249
802 0.031633
803 0.03133
804 0.031589
805 0.031174
806 0.031356
807 0.032519
808 0.031279
809 0.034825
810 0.032233
811 0.03333
812 0.031685
813 0.03268
814 0.03242
815 0.048457
816 0.048798
817 0.031771
818 0.031454
819 0.032142
820 0.032339
821 0.032498
822 0.031663
823 0.032023
824 0.031535
825 0.029279
826 0.027065
827 0.026828
828 0.026966
829 0.026981
830 0.026651
831 0.026615
832 0.028864
833 0.030036
834 0.02679
835 0.027177
836 0.027867
837 0.027308
838 0.035841
839 0.028688
840 0.027551
841 0.028127
842 0.026699
843 0.029965
844 0.027253
845 0.027516
846 0.027426
847 0.027285
848 0.027357
849 0.026865
850 0.028865
851 0.027524
852 0.027321
853 0.02709
854 0.026698
855 0.027152
856 0.027347
857 0.029486
858 0.027309
859 0.028094
860 0.027562
861 0.027439
862 0.029658
863 0.0277
864 0.028511
865 0.030772
866 0.028166
867 0.027936
868 0.029713
869 0.030677
870 0.030553
871 0.030872
872 0.031174
873 0.03052
874 0.030152
875 0.032209
876 0.031242
877 0.027089
878 0.026787
879 0.02696
880 0.026942
881 0.026788
882 0.027314
883 0.026747
884 0.026563
885 0.027105
886 0.026583
887 0.03027
888 0.026973
889 0.027277
890 0.027853
891 0.027626
892 0.027474
893 0.027728
894 0.028665
895 0.027384
896 0.027504
897 0.027107
898 0.027312
899 0.02774
900 0.027008
901 0.027044
902 0.031226
903 0.027348
904 0.026796
905 0.027787
906 0.02678
907 0.027246
908 0.026829
909 0.028328
910 0.027883
911 0.029616
912 0.027168
913 0.028181
914 0.026815
915 0.026833
916 0.031629
917 0.029059
918 0.028035
919 0.026944
920 0.026698
921 0.026537
922 0.026799
923 0.027222
924 0.027286
925 0.02741
926 0.026959
927 0.02697
928 0.027584
929 0.030383
930 0.027094
931 0.027036
932 0.026868
933 0.028703
934 0.02823
935 0.026875
936 0.027182
937 0.026852
938 0.027598
939 0.028592
940 0.02781
941 0.027245
942 0.027483
943 0.027302
944 0.029673
945 0.028024
946 0.028173
947 0.028726
948 0.026943
949 0.027285
950 0.027102
951 0.02691
952 0.027647
953 0.027745
954 0.027108
955 0.027622
956 0.027153
957 0.026664
958 0.027238
959 0.027543
960 0.02803
961 0.028371
962 0.027864
963 0.028207
964 0.027297
965 0.029174
966 0.027781
967 0.028131
968 0.028017
969 0.028149
970 0.027975
971 0.027994
972 0.028363
973 0.027586
974 0.029059
975 0.027024
976 0.026952
977 0.027999
978 0.027733
979 0.027905
980 0.027845
981 0.026882
982 0.027487
983 0.027469
984 0.027541
985 0.030066
986 0.028621
987 0.027606
988 0.027574
989 0.027798
990 0.026859
991 0.027196
992 0.027011
993 0.027624
994 0.027783
995 0.027412
996 0.027906
997 0.026721
998 0.02801
999 0.027928
