0 0.38565
1 0.272565
2 0.027545
3 0.026926
4 0.026965
5 0.027258
6 0.026697
7 0.027448
8 0.031801
9 0.030337
10 0.027699
11 0.027273
12 0.179181
13 0.026704
14 0.026638
15 0.026184
16 0.027837
17 0.02874
18 0.035495
19 0.045506
20 0.027089
21 0.026775
22 0.027332
23 0.028159
24 0.022784
25 0.022425
26 0.023653
27 0.022471
28 0.022512
29 0.023938
30 0.02284
31 0.022795
32 0.022401
33 0.027684
34 0.043106
35 0.029379
36 0.022674
37 0.022944
38 0.022779
39 0.022808
40 0.02673
41 0.032783
42 0.02281
43 0.02285
44 0.022762
45 0.024106
46 0.022629
47 0.022724
48 0.124028
49 0.022928
50 0.023618
51 0.024053
52 0.022957
53 0.022481
54 0.023081
55 0.023197
56 0.022548
57 0.022668
58 0.022454
59 0.023606
60 0.022752
61 0.022689
62 0.022709
63 0.022647
64 0.0227
65 0.023573
66 0.022433
67 0.024349
68 0.022856
69 0.022359
70 0.023578
71 0.022875
72 0.023134
73 0.022589
74 0.022349
75 0.022545
76 0.023051
77 0.022427
78 0.022881
79 0.023736
80 0.022459
81 0.022539
82 0.022551
83 0.022689
84 0.022798
85 0.022736
86 0.022313
87 0.023563
88 0.02313
89 0.022414
90 0.02486
91 0.023185
92 0.023027
93 0.023432
94 0.022951
95 0.023037
96 0.022807
97 0.022477
98 0.023573
99 0.023783
100 0.022615
101 0.024864
102 0.025493
103 0.022841
104 0.023243
105 0.022736
106 0.022775
107 0.024656
108 0.022843
109 0.022435
110 0.022991
111 0.023071
112 0.022332
113 0.024379
114 0.0231
115 0.022695
116 0.022919
117 0.023019
118 0.022463
119 0.022756
120 0.023103
121 0.024278
122 0.022628
123 0.023873
124 0.024181
125 0.022544
126 0.022976
127 0.023832
128 0.022492
129 0.023027
130 0.023078
131 0.023548
132 0.02234
133 0.023131
134 0.02429
135 0.023829
136 0.023475
137 0.022805
138 0.022759
139 0.023255
140 0.022849
141 0.02397
142 0.022933
143 0.022692
144 0.022466
145 0.022927
146 0.022422
147 0.022865
148 0.024053
149 0.024083
150 0.022797
151 0.023339
152 0.023754
153 0.023445
154 0.022559
155 0.022926
156 0.023168
157 0.025868
158 0.02283
159 0.022801
160 0.022557
161 0.022598
162 0.023399
163 0.028179
164 0.023331
165 0.023164
166 0.023696
167 0.023184
168 0.022623
169 0.023181
170 0.02321
171 0.022677
172 0.022971
173 0.023118
174 0.022742
175 0.023185
176 0.02311
177 0.023624
178 0.023245
179 0.022969
180 0.022326
181 0.023206
182 0.024102
183 0.022681
184 0.023204
185 0.030533
186 0.028524
187 0.022625
188 0.022949
189 0.023169
190 0.023547
191 0.023018
192 0.022641
193 0.023316
194 0.026285
195 0.023115
196 0.024182
197 0.022569
198 0.022976
199 0.022431
200 0.022634
201 0.023207
202 0.022374
203 0.022536
204 0.02379
205 0.032642
206 0.025679
207 0.022457
208 0.022703
209 0.02347
210 0.022984
211 0.023837
212 0.023155
213 0.02273
214 0.025201
215 0.031669
216 0.022806
217 0.023497
218 0.023467
219 0.024171
220 0.022874
221 0.02257
222 0.024501
223 0.022608
224 0.022572
225 0.023292
226 0.023434
227 0.022528
228 0.022851
229 0.022734
230 0.022368
231 0.023728
232 0.023788
233 0.023174
234 0.025239
235 0.023029
236 0.022546
237 0.022672
238 0.022721
239 0.022611
240 0.022901
241 0.022587
242 0.023532
243 0.023175
244 0.022981
245 0.024873
246 0.025236
247 0.022872
248 0.023082
249 0.022955
250 0.022522
251 0.023015
252 0.023909
253 0.022687
254 0.022942
255 0.025434
256 0.022979
257 0.025092
258 0.02267
259 0.023385
260 0.022917
261 0.02266
262 0.023306
263 0.022812
264 0.022612
265 0.023216
266 0.023118
267 0.026074
268 0.023275
269 0.02468
270 0.02699
271 0.02346
272 0.022566
273 0.023714
274 0.023177
275 0.022755
276 0.024106
277 0.023794
278 0.022928
279 0.022748
280 0.022919
281 0.023407
282 0.022677
283 0.022698
284 0.02264
285 0.022637
286 0.023542
287 0.025144
288 0.022732
289 0.023351
290 0.023434
291 0.02383
292 0.023819
293 0.02353
294 0.022676
295 0.023118
296 0.023251
297 0.025337
298 0.022662
299 0.024154
300 0.022631
301 0.024248
302 0.026231
303 0.02364
304 0.023881
305 0.022761
306 0.023556
307 0.023019
308 0.022695
309 0.022661
310 0.02349
311 0.022754
312 0.022643
313 0.025649
314 0.034079
315 0.03535
316 0.025832
317 0.022845
318 0.022578
319 0.022684
320 0.022919
321 0.023239
322 0.023587
323 0.023508
324 0.022547
325 0.02297
326 0.022779
327 0.023522
328 0.023243
329 0.022585
330 0.022743
331 0.022912
332 0.023052
333 0.02348
334 0.02358
335 0.023109
336 0.022832
337 0.023079
338 0.023016
339 0.023169
340 0.023093
341 0.022684
342 0.023064
343 0.022621
344 0.022681
345 0.023906
346 0.023085
347 0.022792
348 0.023577
349 0.0239
350 0.024589
351 0.024339
352 0.02331
353 0.022402
354 0.022629
355 0.023459
356 0.023455
357 0.02272
358 0.022589
359 0.023976
360 0.025863
361 0.022609
362 0.023377
363 0.022832
364 0.024005
365 0.023145
366 0.022663
367 0.022582
368 0.023369
369 0.023414
370 0.023544
371 0.023384
372 0.022928
373 0.027125
374 0.023364
375 0.023454
376 0.022706
377 0.022583
378 0.022858
379 0.022729
380 0.022864
381 0.023421
382 0.023471
383 0.023157
384 0.023578
385 0.024505
386 0.02331
387 0.024662
388 0.022747
389 0.022327
390 0.023206
391 0.022981
392 0.022507
393 0.025035
394 0.022729
395 0.022775
396 0.022791
397 0.024534
398 0.024875
399 0.022746
400 0.022988
401 0.022463
402 0.024599
403 0.023589
404 0.022449
405 0.022529
406 0.023286
407 0.022841
408 0.022712
409 0.023024
410 0.023889
411 0.023283
412 0.023425
413 0.022666
414 0.022609
415 0.022507
416 0.042766
417 0.024
418 0.023092
419 0.023728
420 0.022684
421 0.023188
422 0.022681
423 0.022881
424 0.022635
425 0.023087
426 0.023176
427 0.022893
428 0.022826
429 0.022514
430 0.02319
431 0.022631
432 0.0226
433 0.023183
434 0.022557
435 0.022758
436 0.024298
437 0.024599
438 0.024315
439 0.023437
440 0.022834
441 0.02449
442 0.022831
443 0.022934
444 0.02277
445 0.02411
446 0.026293
447 0.023762
448 0.022678
449 0.022559
450 0.023044
451 0.022712
452 0.022839
453 0.023671
454 0.022741
455 0.022692
456 0.023737
457 0.023323
458 0.022702
459 0.022573
460 0.022827
461 0.022707
462 0.022786
463 0.024079
464 0.022821
465 0.022915
466 0.022681
467 0.022849
468 0.022746
469 0.023731
470 0.022975
471 0.022501
472 0.023135
473 0.023817
474 0.024532
475 0.032917
476 0.027027
477 0.022885
478 0.028166
479 0.024142
480 0.024058
481 0.023419
482 0.022913
483 0.02288
484 0.02393
485 0.022938
486 0.024256
487 0.022692
488 0.022801
489 0.023059
490 0.023727
491 0.023434
492 0.024016
493 0.022691
494 0.022905
495 0.024234
496 0.022773
497 0.022822
498 0.022476
499 0.022979
500 0.023049
501 0.022835
502 0.023081
503 0.023067
504 0.023299
505 0.022493
506 0.022849
507 0.022531
508 0.022974
509 0.023799
510 0.023111
511 0.026236
512 0.02307
513 0.022949
514 0.023414
515 0.022952
516 0.023809
517 0.022744
518 0.022692
519 0.022741
520 0.023489
521 0.022743
522 0.023209
523 0.023586
524 0.022894
525 0.022713
526 0.02357
527 0.022446
528 0.02322
529 0.023425
530 0.023207
531 0.023529
532 0.023037
533 0.022655
534 0.022661
535 0.023024
536 0.023073
537 0.023306
538 0.023133
539 0.022725
540 0.02404
541 0.023498
542 0.022927
543 0.02347
544 0.02469
545 0.02409
546 0.023054
547 0.022536
548 0.022878
549 0.022653
550 0.023141
551 0.023706
552 0.023443
553 0.022689
554 0.023391
555 0.024853
556 0.024424
557 0.024132
558 0.024224
559 0.022705
560 0.022895
561 0.022977
562 0.022647
563 0.024491
564 0.023447
565 0.023504
566 0.023962
567 0.023534
568 0.024296
569 0.022508
570 0.022446
571 0.023665
572 0.023203
573 0.022591
574 0.023198
575 0.022742
576 0.022789
577 0.026079
578 0.023788
579 0.023229
580 0.023697
581 0.023097
582 0.023372
583 0.022724
584 0.022832
585 0.023478
586 0.023152
587 0.023083
588 0.023554
589 0.022859
590 0.022822
591 0.023724
592 0.0233
593 0.023534
594 0.023514
595 0.03232
596 0.02636
597 0.025961
598 0.023402
599 0.023788
600 0.022625
601 0.022892
602 0.023062
603 0.022877
604 0.022958
605 0.023914
606 0.023407
607 0.023899
608 0.022907
609 0.023195
610 0.022945
611 0.023195
612 0.023153
613 0.022895
614 0.022602
615 0.022828
616 0.022727
617 0.02253
618 0.023441
619 0.024464
620 0.023041
621 0.022856
622 0.023431
623 0.022969
624 0.023285
625 0.022819
626 0.023694
627 0.025533
628 0.280127
629 0.03556
630 0.025722
631 0.02467
632 0.023313
633 0.023449
634 0.023908
635 0.024156
636 0.023067
637 0.024348
638 0.024064
639 0.022906
640 0.024709
641 0.02258
642 0.0228
643 0.022963
644 0.0224
645 0.024542
646 0.023124
647 0.024097
648 0.023452
649 0.023142
650 0.023119
651 0.022722
652 0.022716
653 0.022526
654 0.023017
655 0.022882
656 0.023068
657 0.023497
658 0.022716
659 0.022967
660 0.022644
661 0.022459
662 0.023031
663 0.025379
664 0.02277
665 0.024718
666 0.023404
667 0.02275
668 0.024841
669 0.03369
670 0.033433
671 0.024196
672 0.024493
673 0.033371
674 0.023544
675 0.022968
676 0.022776
677 0.022816
678 0.023082
679 0.02323
680 0.022966
681 0.023024
682 0.022768
683 0.02269
684 0.022991
685 0.022541
686 0.022561
687 0.022665
688 0.023255
689 0.022911
690 0.02362
691 0.023111
692 0.025795
693 0.026188
694 0.022924
695 0.023074
696 0.022818
697 0.023141
698 0.022847
699 0.022654
700 0.022571
701 0.022769
702 0.022772
703 0.023134
704 0.025267
705 0.023019
706 0.023349
707 0.023766
708 0.023007
709 0.023158
710 0.023454
711 0.024029
712 0.02418
713 0.022876
714 0.023324
715 0.023564
716 0.02306
717 0.022733
718 0.023341
719 0.023991
720 0.022857
721 0.023445
722 0.02247
723 0.022898
724 0.023905
725 0.022946
726 0.023008
727 0.02357
728 0.024107
729 0.023102
730 0.02358
731 0.02289
732 0.023363
733 0.02291
734 0.022533
735 0.022516
736 0.022454
737 0.022431
738 0.023039
739 0.023291
740 0.025111
741 0.026705
742 0.022605
743 0.022815
744 0.023665
745 0.022535
746 0.022895
747 0.022888
748 0.022473
749 0.022851
750 0.023112
751 0.024652
752 0.023115
753 0.023272
754 0.022612
755 0.022983
756 0.022968
757 0.022839
758 0.023424
759 0.023347
760 0.022939
761 0.022716
762 0.022545
763 0.023124
764 0.022867
765 0.024214
766 0.02415
767 0.023074
768 0.022546
769 0.02264
770 0.022516
771 0.022489
772 0.023993
773 0.022756
774 0.025423
775 0.023862
776 0.024604
777 0.022707
778 0.023492
779 0.023049
780 0.024532
781 0.022941
782 0.022828
783 0.02299
784 0.022909
785 0.023269
786 0.023525
787 0.023493
788 0.02348
789 0.025705
790 0.02261
791 0.022778
792 0.022973
793 0.022859
794 0.023032
795 0.031988
796 0.024027
797 0.02276
798 0.023588
799 0.024092
800 0.023575
801 0.023332
802 0.022798
803 0.023454
804 0.022726
805 0.022912
806 0.02334
807 0.022541
808 0.022533
809 0.0233
810 0.0236
811 0.02258
812 0.023361
813 0.022837
814 0.023219
815 0.024063
816 0.022936
817 0.02344
818 0.027438
819 0.024736
820 0.023156
821 0.025563
822 0.024147
823 0.023309
824 0.022464
825 0.022767
826 0.022594
827 0.024475
828 0.024507
829 0.024205
830 0.02303
831 0.023124
832 0.022963
833 0.022576
834 0.023259
835 0.022617
836 0.02295
837 0.022955
838 0.025841
839 0.023289
840 0.02487
841 0.023047
842 0.023113
843 0.023815
844 0.023922
845 0.023802
846 0.022675
847 0.022865
848 0.022933
849 0.023146
850 0.022673
851 0.022537
852 0.022604
853 0.022549
854 0.023071
855 0.024339
856 0.023005
857 0.023174
858 0.023038
859 0.023165
860 0.022872
861 0.022967
862 0.023414
863 0.024132
864 0.024385
865 0.023256
866 0.022474
867 0.022425
868 0.023331
869 0.024002
870 0.022705
871 0.023816
872 0.02318
873 0.022911
874 0.023505
875 0.023788
876 0.023203
877 0.022758
878 0.022933
879 0.022719
880 0.022561
881 0.024125
882 0.023848
883 0.024127
884 0.023216
885 0.023454
886 0.023544
887 0.022647
888 0.03177
889 0.023145
890 0.024144
891 0.023076
892 0.022968
893 0.022715
894 0.022444
895 0.022437
896 0.023467
897 0.032126
898 0.029881
899 0.022654
900 0.022889
901 0.024237
902 0.032632
903 0.026501
904 0.024164
905 0.024055
906 0.023092
907 0.023684
908 0.023518
909 0.023158
910 0.022547
911 0.023243
912 0.023162
913 0.022913
914 0.02285
915 0.023137
916 0.02272
917 0.025194
918 0.023486
919 0.024223
920 0.022633
921 0.023283
922 0.022899
923 0.023461
924 0.029365
925 0.031131
926 0.023142
927 0.022678
928 0.023281
929 0.022676
930 0.022724
931 0.023137
932 0.024884
933 0.022782
934 0.022706
935 0.022993
936 0.022771
937 0.022729
938 0.023106
939 0.023232
940 0.023757
941 0.022826
942 0.025237
943 0.02636
944 0.024949
945 0.02332
946 0.023602
947 0.031182
948 0.030509
949 0.027769
950 0.023213
951 0.025099
952 0.022768
953 0.02246
954 0.023257
955 0.023011
956 0.022752
957 0.023266
958 0.024707
959 0.022989
960 0.023897
961 0.023533
962 0.022623
963 0.023334
964 0.023405
965 0.023436
966 0.023276
967 0.022678
968 0.023993
969 0.023115
970 0.024262
971 0.023279
972 0.023114
973 0.023183
974 0.022643
975 0.023068
976 0.022999
977 0.025936
978 0.024295
979 0.02633
980 0.028357
981 0.026909
982 0.025957
983 0.026158
984 0.026213
985 0.026433
986 0.025953
987 0.025709
988 0.025561
989 0.027
990 0.025816
991 0.025757
992 0.025558
993 0.026903
994 0.023965
995 0.022663
996 0.022894
997 0.024182
998 0.024176
999 0.022533
