0 0.011503
1 0.060558
2 0.076082
3 0.087094
4 0.093199
5 0.083372
6 0.071908
7 0.075829
8 0.085179
9 0.081143
10 0.075816
11 0.075327
12 0.076245
13 0.074813
14 0.079977
15 0.093356
16 0.093328
17 0.081592
18 0.077425
19 0.08389
20 0.095672
21 0.090934
22 0.093542
23 0.089003
24 0.076766
25 0.081998
26 0.082039
27 0.083962
28 0.097568
29 0.099674
30 0.091932
31 0.083116
32 0.076016
33 0.081863
34 0.100741
35 0.100876
36 0.089841
37 0.089957
38 0.107007
39 0.091989
40 0.067143
41 0.061336
42 0.069545
43 0.102339
44 0.098986
45 0.095485
46 0.098447
47 0.092972
48 0.090289
49 0.099533
50 0.10179
51 0.090079
52 0.089896
53 0.092447
54 0.090936
55 0.091856
56 0.091361
57 0.090519
58 0.092181
59 0.098113
60 0.09439
61 0.097759
62 0.091719
63 0.092504
64 0.107059
65 0.114786
66 0.098938
67 0.107381
68 0.12849
69 0.121452
70 0.112433
71 0.120319
72 0.123151
73 0.121601
74 0.114504
75 0.0992
76 0.099971
77 0.11594
78 0.118717
79 0.102823
80 0.110798
81 0.116318
82 0.107496
83 0.113031
84 0.124355
85 0.122562
86 0.115562
87 0.106204
88 0.105769
89 0.110619
90 0.119116
91 0.118104
92 0.102401
93 0.09052
94 0.102501
95 0.111291
96 0.115888
97 0.097971
98 0.078818
99 0.086044
100 0.120088
101 0.113353
102 0.106483
103 0.116723
104 0.102657
105 0.108708
106 0.114858
107 0.106493
108 0.107502
109 0.119455
110 0.112305
111 0.082477
112 0.083262
113 0.077572
114 0.090806
115 0.077435
116 0.076802
117 0.088079
118 0.114944
119 0.120064
120 0.113808
121 0.105659
122 0.11041
123 0.106891
124 0.117167
125 0.115323
126 0.12286
127 0.125326
128 0.125248
129 0.129487
130 0.117102
131 0.113516
132 0.127343
133 0.127938
134 0.119396
135 0.116521
136 0.110369
137 0.09808
138 0.112579
139 0.120153
140 0.11417
141 0.129554
142 0.15767
143 0.146061
144 0.117674
145 0.099425
146 0.126424
147 0.158708
148 0.131144
149 0.121386
150 0.119468
151 0.110821
152 0.123855
153 0.136702
154 0.158054
155 0.153019
156 0.129864
157 0.106254
158 0.091264
159 0.10279
160 0.123254
161 0.123871
162 0.119236
163 0.132405
164 0.130561
165 0.122979
166 0.114326
167 0.135586
168 0.130149
169 0.1155
170 0.109794
171 0.134972
172 0.10495
173 0.134458
174 0.138082
175 0.121958
176 0.101718
177 0.121919
178 0.152213
179 0.135377
180 0.116812
181 0.135598
182 0.128387
183 0.121303
184 0.132608
185 0.12652
186 0.125996
187 0.306852
188 0.332377
189 0.169136
190 0.130149
191 0.11495
192 0.143166
193 0.143596
194 0.124897
195 0.128619
196 0.149549
197 0.134213
198 0.149605
199 0.145685
200 0.137129
201 0.155261
202 0.148346
203 0.154478
204 0.128213
205 0.117367
206 0.138714
207 0.138811
208 0.140512
209 0.139614
210 0.138114
211 0.140511
212 0.140165
213 0.127989
214 0.133797
215 0.143639
216 0.127843
217 0.149777
218 0.148877
219 0.145092
220 0.126116
221 0.135827
222 0.156973
223 0.128995
224 0.142007
225 0.169032
226 0.15155
227 0.141888
228 0.143951
229 0.131869
230 0.17241
231 0.179
232 0.158625
233 0.153079
234 0.138658
235 0.132332
236 0.15835
237 0.146765
238 0.145741
239 0.149608
240 0.177375
241 0.179223
242 0.159603
243 0.176717
244 0.162896
245 0.129621
246 0.154369
247 0.173313
248 0.168669
249 0.146128
250 0.140771
251 0.153436
252 0.168314
253 0.164019
254 0.164676
255 0.158942
256 0.179309
257 0.170348
258 0.162063
259 0.169676
260 0.162366
261 0.180904
262 0.17342
263 0.155626
264 0.162354
265 0.168943
266 0.1683
267 0.168137
268 0.188103
269 0.17682
270 0.15382
271 0.150806
272 0.167107
273 0.166198
274 0.174379
275 0.192453
276 0.17147
277 0.159531
278 0.149314
279 0.157772
280 0.177682
281 0.173684
282 0.175672
283 0.183103
284 0.190166
285 0.189114
286 0.185565
287 0.179391
288 0.185822
289 0.195273
290 0.170661
291 0.165197
292 0.179569
293 0.187694
294 0.181534
295 0.194857
296 0.193435
297 0.190458
298 0.189778
299 0.189097
300 0.187561
301 0.202172
302 0.203677
303 0.195676
304 0.191868
305 0.191353
306 0.181504
307 0.181648
308 0.185872
309 0.18843
310 0.187487
311 0.198628
312 0.320565
313 0.314711
314 0.182194
315 0.198009
316 0.209616
317 0.178984
318 0.183255
319 0.200425
320 0.17371
321 0.18806
322 0.206307
323 0.180678
324 0.175405
325 0.194181
326 0.208707
327 0.197801
328 0.183999
329 0.202966
330 0.197662
331 0.188381
332 0.184302
333 0.188396
334 0.206796
335 0.198328
336 0.193353
337 0.191059
338 0.201019
339 0.195053
340 0.195316
341 0.205958
342 0.206214
343 0.19591
344 0.190537
345 0.202548
346 0.189717
347 0.192004
348 0.201241
349 0.206167
350 0.207524
351 0.213465
352 0.217204
353 0.213328
354 0.207507
355 0.209979
356 0.228286
357 0.218099
358 0.188702
359 0.188047
360 0.212628
361 0.212807
362 0.215999
363 0.224557
364 0.218563
365 0.21954
366 0.232442
367 0.232003
368 0.235525
369 0.235058
370 0.215092
371 0.206267
372 0.213501
373 0.233855
374 0.198931
375 0.235768
376 0.259163
377 0.222126
378 0.216474
379 0.21412
380 0.192955
381 0.192578
382 0.205531
383 0.204178
384 0.195283
385 0.230057
386 0.237541
387 0.223491
388 0.218752
389 0.235042
390 0.25039
391 0.239932
392 0.228892
393 0.233793
394 0.218548
395 0.212058
396 0.232495
397 0.239348
398 0.23391
399 0.234282
400 0.233949
401 0.237387
402 0.221056
403 0.212852
404 0.22703
405 0.218396
406 0.21604
407 0.211787
408 0.219457
409 0.229958
410 0.232374
411 0.235718
412 0.233228
413 0.25085
414 0.257711
415 0.229407
416 0.234697
417 0.239073
418 0.243829
419 0.248002
420 0.228517
421 0.232505
422 0.259864
423 0.253594
424 0.227722
425 0.236306
426 0.267359
427 0.280805
428 0.253645
429 0.269328
430 0.259372
431 0.255531
432 0.264713
433 0.24709
434 0.245387
435 0.250176
436 0.256806
437 0.289362
438 0.266738
439 0.264938
440 0.275899
441 0.263511
442 0.259665
443 0.259663
444 0.258803
445 0.262827
446 0.252008
447 0.258712
448 0.269967
449 0.280731
450 0.274147
451 0.253165
452 0.238495
453 0.25362
454 0.275417
455 0.278893
456 0.278371
457 0.281842
458 0.273481
459 0.268831
460 0.275819
461 0.26815
462 0.263875
463 0.262893
464 0.260839
465 0.273027
466 0.271277
467 0.281034
468 0.296308
469 0.287918
470 0.284302
471 0.272505
472 0.265361
473 0.268381
474 0.275565
475 0.292215
476 0.291861
477 0.271993
478 0.27337
479 0.282838
480 0.285401
481 0.298397
482 0.291979
483 0.289013
484 0.301947
485 0.296547
486 0.291088
487 0.296588
488 0.288019
489 0.301106
490 0.290517
491 0.275147
492 0.291047
493 0.302308
494 0.285877
495 0.290337
496 0.309068
497 0.289424
498 0.285694
499 0.30495
500 0.319222
501 0.311684
502 0.302682
503 0.308235
504 0.308608
505 0.317638
506 0.310482
507 0.290332
508 0.300647
509 0.310292
510 0.309342
511 0.316188
512 0.313352
513 0.319346
514 0.329942
515 0.337001
516 0.328256
517 0.335353
518 0.325524
519 0.31336
520 0.312091
521 0.310034
522 0.316842
523 0.305669
524 0.303202
525 0.319292
526 0.316283
527 0.321878
528 0.330543
529 0.332626
530 0.33406
531 0.332875
532 0.333314
533 0.32736
534 0.327513
535 0.34733
536 0.333947
537 0.321981
538 0.334591
539 0.333499
540 0.333576
541 0.334181
542 0.321916
543 0.319251
544 0.327459
545 0.326782
546 0.333253
547 0.342249
548 0.344622
549 0.347527
550 0.341187
551 0.35352
552 0.35726
553 0.344821
554 0.346608
555 0.353507
556 0.355424
557 0.355741
558 0.349099
559 0.352232
560 0.364793
561 0.360271
562 0.348058
563 0.353407
564 0.367157
565 0.360289
566 0.355711
567 0.356635
568 0.349393
569 0.339061
570 0.338647
571 0.350464
572 0.340663
573 0.347494
574 0.361479
575 0.361358
576 0.374684
577 0.381488
578 0.383929
579 0.375518
580 0.373495
581 0.381396
582 0.380054
583 0.374981
584 0.363105
585 0.371161
586 0.365271
587 0.35606
588 0.368702
589 0.377782
590 0.380854
591 0.375864
592 0.375493
593 0.382512
594 0.389088
595 0.392006
596 0.388009
597 0.379695
598 0.377942
599 0.381134
600 0.388888
601 0.393347
602 0.391074
603 0.37989
604 0.36677
605 0.38174
606 0.394065
607 0.391639
608 0.40291
609 0.40841
610 0.40596
611 0.403446
612 0.402201
613 0.404759
614 0.404823
615 0.404057
616 0.404761
617 0.408128
618 0.391489
619 0.39813
620 0.423145
621 0.413743
622 0.391138
623 0.390328
624 0.397182
625 0.407086
626 0.405007
627 0.400419
628 0.422364
629 0.431389
630 0.430455
631 0.420966
632 0.424633
633 0.438875
634 0.433479
635 0.425023
636 0.421496
637 0.410905
638 0.408226
639 0.401239
640 0.407459
641 0.400406
642 0.414339
643 0.416197
644 0.396374
645 0.420043
646 0.441433
647 0.422307
648 0.415296
649 0.423423
650 0.4347
651 0.433665
652 0.443014
653 0.422281
654 0.425338
655 0.43816
656 0.432018
657 0.439037
658 0.436513
659 0.427847
660 0.448271
661 0.445054
662 0.437642
663 0.444021
664 0.461651
665 0.459086
666 0.447493
667 0.449453
668 0.454091
669 0.460438
670 0.462013
671 0.450996
672 0.455431
673 0.442229
674 0.452207
675 0.45319
676 0.451399
677 0.458796
678 0.465703
679 0.447155
680 0.439604
681 0.455682
682 0.463285
683 0.456861
684 0.464297
685 0.473461
686 0.463569
687 0.453359
688 0.452061
689 0.45402
690 0.472043
691 0.476784
692 0.46677
693 0.462109
694 0.452577
695 0.467683
696 0.46973
697 0.470044
698 0.48632
699 0.468301
700 0.45705
701 0.468769
702 0.477602
703 0.471016
704 0.490319
705 0.502742
706 0.490807
707 0.503016
708 0.55663
709 0.497131
710 0.482907
711 0.483072
712 0.494664
713 0.483967
714 0.501299
715 0.514446
716 0.498066
717 0.488562
718 0.487423
719 0.511551
720 0.525575
721 0.5056
722 0.50625
723 0.500758
724 0.505409
725 0.514817
726 0.515822
727 0.509559
728 0.514158
729 0.534796
730 0.512354
731 0.514889
732 0.496026
733 0.503918
734 0.513304
735 0.532027
736 0.531509
737 0.510581
738 0.538198
739 0.543065
740 0.522601
741 0.536783
742 0.524658
743 0.522132
744 0.519293
745 0.508532
746 0.517416
747 0.523935
748 0.512965
749 0.532478
750 0.517947
751 0.511759
752 0.526427
753 0.527422
754 0.526374
755 0.542023
756 0.565586
757 0.547424
758 0.534176
759 0.557224
760 0.551343
761 0.544287
762 0.53823
763 0.552453
764 0.570889
765 0.562375
766 0.550801
767 0.548241
768 0.550909
769 0.558139
770 0.565578
771 0.567286
772 0.571996
773 0.576161
774 0.574089
775 0.572074
776 0.564026
777 0.549453
778 0.55649
779 0.574061
780 0.571255
781 0.567341
782 0.572783
783 0.556252
784 0.556364
785 0.621012
786 0.633459
787 0.571258
788 0.58147
789 0.591345
790 0.587452
791 0.584464
792 0.588143
793 0.574455
794 0.557922
795 0.566727
796 0.577042
797 0.582933
798 0.582118
799 0.606871
800 0.608985
801 0.59065
802 0.611945
803 0.597956
804 0.581066
805 0.605679
806 0.593816
807 0.591756
808 0.601773
809 0.604866
810 0.606415
811 0.612067
812 0.604701
813 0.604742
814 0.607335
815 0.615014
816 0.602396
817 0.598995
818 0.653982
819 0.662971
820 0.6334
821 0.60746
822 0.610264
823 0.632196
824 0.648222
825 0.630095
826 0.616743
827 0.619704
828 0.625061
829 0.621683
830 0.626117
831 0.618452
832 0.617551
833 0.649308
834 0.645699
835 0.622569
836 0.626226
837 0.639531
838 0.652726
839 0.68103
840 0.676711
841 0.675582
842 0.67336
843 0.64789
844 0.701287
845 0.707459
846 0.648279
847 0.627056
848 0.639618
849 0.708202
850 0.716025
851 0.657689
852 0.654959
853 0.634051
854 0.649448
855 0.66165
856 0.656666
857 0.663377
858 0.677049
859 0.724297
860 0.723444
861 0.698907
862 0.743577
863 0.714967
864 0.677117
865 0.67442
866 0.690018
867 0.700191
868 0.723564
869 0.709644
870 0.707229
871 0.694948
872 0.727997
873 0.739551
874 0.716681
875 0.709043
876 0.736146
877 0.749601
878 0.719293
879 0.686488
880 0.688702
881 0.698999
882 0.691759
883 0.701193
884 0.710301
885 0.703546
886 0.704142
887 0.711515
888 0.706595
889 0.71631
890 0.698761
891 0.682157
892 0.691818
893 0.694801
894 0.689273
895 0.708044
896 0.727654
897 0.720093
898 0.716625
899 0.70227
900 0.712885
901 0.724316
902 0.723241
903 0.706907
904 0.710227
905 0.721151
906 0.737733
907 0.720501
908 0.697029
909 0.713306
910 0.708669
911 0.710497
912 0.708299
913 0.713468
914 0.724027
915 0.723738
916 0.747262
917 0.743529
918 0.734519
919 0.726373
920 0.733884
921 0.742528
922 0.738723
923 0.740704
924 0.740468
925 0.739442
926 0.739234
927 0.741808
928 0.732978
929 0.716804
930 0.745726
931 0.754566
932 0.732312
933 0.757343
934 0.771856
935 0.762382
936 0.767787
937 0.762178
938 0.761385
939 0.754146
940 0.748494
941 0.741911
942 0.758479
943 0.774898
944 0.76563
945 0.771345
946 0.778318
947 0.788158
948 0.794802
949 0.788931
950 0.783759
951 0.786474
952 0.803568
953 0.786315
954 0.774806
955 0.793983
956 0.78327
957 0.780206
958 0.787743
959 0.783654
960 0.776124
961 0.788383
962 0.799954
963 0.795377
964 0.793745
965 0.799463
966 0.810098
967 0.817889
968 0.809851
969 0.783562
970 0.791253
971 0.824652
972 0.810774
973 0.804255
974 0.813719
975 0.924465
976 0.916894
977 0.811743
978 0.828941
979 0.845982
980 0.821019
981 0.821032
982 0.848717
983 0.840478
984 0.828018
985 0.8161
986 0.819769
987 0.829394
988 0.830977
989 0.833214
990 0.821873
991 0.829604
992 0.83593
993 0.842058
994 0.857411
995 0.845317
996 0.828875
997 0.853024
998 0.868236
999 0.853741
