0 0.016488
1 0.021826
2 0.026074
3 0.030219
4 0.034397
5 0.038666
6 0.042899
7 0.047002
8 0.051131
9 0.055261
10 0.059679
11 0.064098
12 0.068436
13 0.072825
14 0.077944
15 0.082899
16 0.087158
17 0.091352
18 0.09554
19 0.100522
20 0.105621
21 0.110298
22 0.115128
23 0.119756
24 0.123518
25 0.126436
26 0.129313
27 0.132276
28 0.135332
29 0.138392
30 0.14147
31 0.144964
32 0.148451
33 0.151636
34 0.154997
35 0.158305
36 0.161502
37 0.16457
38 0.167602
39 0.170518
40 0.173527
41 0.176552
42 0.179558
43 0.182854
44 0.186256
45 0.189554
46 0.192957
47 0.196385
48 0.199502
49 0.202425
50 0.20541
51 0.208415
52 0.211435
53 0.214755
54 0.218073
55 0.221355
56 0.224698
57 0.227911
58 0.231157
59 0.23464
60 0.237972
61 0.240996
62 0.243935
63 0.246932
64 0.249959
65 0.252931
66 0.255921
67 0.258896
68 0.261853
69 0.26555
70 0.27009
71 0.274922
72 0.279484
73 0.283839
74 0.288298
75 0.293083
76 0.29807
77 0.30288
78 0.307246
79 0.311449
80 0.315039
81 0.318013
82 0.320984
83 0.323974
84 0.326953
85 0.330088
86 0.333235
87 0.336307
88 0.339346
89 0.34239
90 0.345374
91 0.34836
92 0.35144
93 0.354546
94 0.357568
95 0.360591
96 0.36359
97 0.366593
98 0.36967
99 0.372754
100 0.375778
101 0.3788
102 0.381925
103 0.385065
104 0.388108
105 0.391159
106 0.394235
107 0.397289
108 0.400375
109 0.403473
110 0.406593
111 0.409726
112 0.412842
113 0.415872
114 0.418941
115 0.42205
116 0.42513
117 0.428209
118 0.431314
119 0.434428
120 0.437495
121 0.440649
122 0.44382
123 0.447001
124 0.450058
125 0.453161
126 0.456264
127 0.459346
128 0.462528
129 0.465739
130 0.469011
131 0.472309
132 0.475725
133 0.479049
134 0.482302
135 0.485457
136 0.488539
137 0.491703
138 0.494879
139 0.498015
140 0.501164
141 0.504295
142 0.507405
143 0.510574
144 0.51377
145 0.516915
146 0.520153
147 0.523409
148 0.526667
149 0.529919
150 0.533156
151 0.53632
152 0.539457
153 0.542665
154 0.5459
155 0.549068
156 0.552296
157 0.55555
158 0.558714
159 0.561919
160 0.56512
161 0.568332
162 0.571539
163 0.574823
164 0.578098
165 0.58126
166 0.584446
167 0.587623
168 0.590917
169 0.594495
170 0.598055
171 0.601239
172 0.604447
173 0.607656
174 0.610847
175 0.614047
176 0.617262
177 0.620466
178 0.623705
179 0.627253
180 0.630942
181 0.634453
182 0.637975
183 0.641519
184 0.645034
185 0.648489
186 0.651911
187 0.655181
188 0.659067
189 0.663069
190 0.666734
191 0.670302
192 0.673913
193 0.677385
194 0.68079
195 0.684142
196 0.687789
197 0.691511
198 0.694946
199 0.698527
200 0.702167
201 0.705601
202 0.708947
203 0.712391
204 0.715841
205 0.719174
206 0.722518
207 0.726171
208 0.729894
209 0.73346
210 0.737143
211 0.740871
212 0.74438
213 0.747672
214 0.751046
215 0.754462
216 0.757808
217 0.761147
218 0.76462
219 0.768289
220 0.772023
221 0.775505
222 0.779206
223 0.783002
224 0.78661
225 0.789918
226 0.793344
227 0.796793
228 0.800178
229 0.803616
230 0.80707
231 0.810375
232 0.813707
233 0.817158
234 0.820603
235 0.824142
236 0.827558
237 0.830879
238 0.834619
239 0.838984
240 0.843048
241 0.846474
242 0.849871
243 0.853262
244 0.856636
245 0.860001
246 0.863333
247 0.866797
248 0.8703
249 0.873831
250 0.877306
251 0.880717
252 0.884063
253 0.887453
254 0.89086
255 0.894213
256 0.897575
257 0.900939
258 0.904309
259 0.90771
260 0.911086
261 0.914557
262 0.918043
263 0.921452
264 0.924801
265 0.928578
266 0.932376
267 0.935928
268 0.939367
269 0.942802
270 0.94617
271 0.949556
272 0.952948
273 0.956396
274 0.959865
275 0.963272
276 0.966631
277 0.970002
278 0.973393
279 0.976813
280 0.980236
281 0.983659
282 0.987141
283 0.990661
284 0.994153
285 0.997637
286 1.001141
287 1.004569
288 1.007968
289 1.011373
290 1.014783
291 1.018236
292 1.021695
293 1.025116
294 1.028528
295 1.031961
296 1.035433
297 1.038979
298 1.042548
299 1.045989
300 1.049375
301 1.052884
302 1.056419
303 1.059963
304 1.063543
305 1.067082
306 1.070744
307 1.074443
308 1.078155
309 1.081781
310 1.085336
311 1.088763
312 1.092246
313 1.095739
314 1.099489
315 1.103373
316 1.107118
317 1.112493
318 1.117834
319 1.121375
320 1.124907
321 1.128547
322 1.132495
323 1.13643
324 1.140096
325 1.144035
326 1.148255
327 1.152178
328 1.155817
329 1.160189
330 1.164639
331 1.168463
332 1.17233
333 1.176304
334 1.179997
335 1.183656
336 1.187182
337 1.190696
338 1.194321
339 1.198277
340 1.202289
341 1.206085
342 1.209926
343 1.213899
344 1.217732
345 1.221509
346 1.225182
347 1.22872
348 1.232225
349 1.235849
350 1.239828
351 1.244051
352 1.248612
353 1.253284
354 1.257756
355 1.262148
356 1.266213
357 1.270085
358 1.27384
359 1.277579
360 1.281136
361 1.284701
362 1.288274
363 1.29197
364 1.295705
365 1.299346
366 1.302955
367 1.306532
368 1.310106
369 1.313798
370 1.31812
371 1.323164
372 1.3284
373 1.333861
374 1.339357
375 1.344658
376 1.349899
377 1.355292
378 1.360728
379 1.365274
380 1.369018
381 1.372674
382 1.376457
383 1.380242
384 1.383955
385 1.387551
386 1.391122
387 1.394681
388 1.398359
389 1.402057
390 1.405685
391 1.409301
392 1.413524
393 1.418639
394 1.424283
395 1.42975
396 1.43508
397 1.44071
398 1.446411
399 1.451978
400 1.45734
401 1.462878
402 1.468438
403 1.473891
404 1.479265
405 1.484758
406 1.490244
407 1.495705
408 1.501169
409 1.506902
410 1.512138
411 1.516326
412 1.519948
413 1.523564
414 1.527283
415 1.531049
416 1.534726
417 1.53846
418 1.542187
419 1.545932
420 1.5497
421 1.553487
422 1.557153
423 1.560822
424 1.564513
425 1.568317
426 1.572112
427 1.575804
428 1.579501
429 1.583278
430 1.587036
431 1.590856
432 1.59462
433 1.598317
434 1.601995
435 1.605686
436 1.60936
437 1.613089
438 1.616859
439 1.620676
440 1.624452
441 1.628131
442 1.631875
443 1.63565
444 1.639677
445 1.643742
446 1.647695
447 1.651767
448 1.656256
449 1.660609
450 1.664481
451 1.668285
452 1.672305
453 1.67707
454 1.681772
455 1.68575
456 1.689484
457 1.693227
458 1.697537
459 1.702159
460 1.707008
461 1.712182
462 1.717232
463 1.721333
464 1.725258
465 1.729009
466 1.732749
467 1.736689
468 1.740977
469 1.745399
470 1.749816
471 1.754203
472 1.758457
473 1.76254
474 1.766516
475 1.770385
476 1.774227
477 1.778061
478 1.781927
479 1.785961
480 1.790073
481 1.794024
482 1.797825
483 1.801607
484 1.805502
485 1.80942
486 1.813239
487 1.81704
488 1.820852
489 1.824745
490 1.828683
491 1.832866
492 1.83706
493 1.841081
494 1.845024
495 1.848981
496 1.852985
497 1.856903
498 1.861029
499 1.865325
500 1.869629
501 1.873649
502 1.877569
503 1.881502
504 1.885385
505 1.889338
506 1.893288
507 1.897147
508 1.900977
509 1.904795
510 1.908774
511 1.912802
512 1.916768
513 1.920626
514 1.924474
515 1.928289
516 1.932153
517 1.936036
518 1.939914
519 1.943849
520 1.947791
521 1.951709
522 1.955693
523 1.959618
524 1.963479
525 1.96732
526 1.971168
527 1.975364
528 1.979702
529 1.983913
530 1.987756
531 1.991653
532 1.995669
533 1.999726
534 2.003658
535 2.007564
536 2.011439
537 2.015412
538 2.019413
539 2.023434
540 2.027374
541 2.031403
542 2.035991
543 2.040605
544 2.044715
545 2.048664
546 2.052593
547 2.056545
548 2.060494
549 2.064468
550 2.068407
551 2.072374
552 2.076456
553 2.080729
554 2.085011
555 2.089104
556 2.093126
557 2.097098
558 2.101172
559 2.105288
560 2.10932
561 2.113295
562 2.117275
563 2.121292
564 2.125322
565 2.129417
566 2.133444
567 2.137397
568 2.14136
569 2.145465
570 2.149604
571 2.153657
572 2.157641
573 2.161638
574 2.165703
575 2.169754
576 2.174193
577 2.178777
578 2.183305
579 2.187685
580 2.191762
581 2.195797
582 2.199839
583 2.203965
584 2.20817
585 2.21227
586 2.216313
587 2.220321
588 2.224367
589 2.228476
590 2.232626
591 2.236674
592 2.240684
593 2.244705
594 2.249226
595 2.253911
596 2.258223
597 2.262226
598 2.26623
599 2.270579
600 2.275201
601 2.279655
602 2.283789
603 2.287921
604 2.292054
605 2.296394
606 2.300736
607 2.304861
608 2.308868
609 2.312898
610 2.317077
611 2.321272
612 2.325346
613 2.329446
614 2.33359
615 2.337738
616 2.341869
617 2.346277
618 2.350696
619 2.355138
620 2.359281
621 2.363415
622 2.367521
623 2.372027
624 2.376713
625 2.38126
626 2.385666
627 2.389803
628 2.394191
629 2.399521
630 2.404917
631 2.409154
632 2.413409
633 2.417597
634 2.421777
635 2.426057
636 2.430414
637 2.434688
638 2.439118
639 2.443622
640 2.447979
641 2.45221
642 2.456416
643 2.460954
644 2.465517
645 2.469899
646 2.474093
647 2.478263
648 2.482389
649 2.486563
650 2.490751
651 2.495005
652 2.499273
653 2.503525
654 2.50775
655 2.511922
656 2.516115
657 2.520586
658 2.525047
659 2.52941
660 2.533542
661 2.53779
662 2.542214
663 2.546759
664 2.551274
665 2.555717
666 2.560238
667 2.564559
668 2.568793
669 2.573034
670 2.577389
671 2.581857
672 2.586217
673 2.590406
674 2.594662
675 2.599043
676 2.603429
677 2.607698
678 2.611864
679 2.616121
680 2.620461
681 2.624832
682 2.629127
683 2.633322
684 2.637609
685 2.642568
686 2.647616
687 2.652288
688 2.656466
689 2.661198
690 2.666247
691 2.670946
692 2.67522
693 2.679408
694 2.683609
695 2.687926
696 2.692266
697 2.696555
698 2.700833
699 2.705834
700 2.711045
701 2.716401
702 2.721146
703 2.725763
704 2.730275
705 2.734772
706 2.739538
707 2.744135
708 2.74872
709 2.753226
710 2.757636
711 2.76187
712 2.766273
713 2.771021
714 2.775814
715 2.780533
716 2.785082
717 2.789434
718 2.793788
719 2.798204
720 2.802526
721 2.806839
722 2.811124
723 2.815471
724 2.819822
725 2.82423
726 2.828572
727 2.832964
728 2.837415
729 2.841975
730 2.846373
731 2.850683
732 2.854947
733 2.85922
734 2.863512
735 2.867845
736 2.872181
737 2.876554
738 2.880952
739 2.885315
740 2.889632
741 2.893919
742 2.898244
743 2.902619
744 2.90711
745 2.912136
746 2.917154
747 2.921756
748 2.926306
749 2.930775
750 2.935209
751 2.939815
752 2.944573
753 2.949299
754 2.954021
755 2.958611
756 2.963189
757 2.967719
758 2.972152
759 2.976533
760 2.981111
761 2.985876
762 2.990605
763 2.99533
764 3.000001
765 3.004446
766 3.008944
767 3.013611
768 3.018302
769 3.022915
770 3.027336
771 3.03189
772 3.036766
773 3.041584
774 3.046159
775 3.050572
776 3.055078
777 3.059565
778 3.064151
779 3.068799
780 3.074996
781 3.08115
782 3.087257
783 3.091795
784 3.09644
785 3.101137
786 3.105641
787 3.110048
788 3.11452
789 3.11911
790 3.123766
791 3.128308
792 3.132765
793 3.137195
794 3.141695
795 3.14621
796 3.15071
797 3.155167
798 3.159613
799 3.164155
800 3.168766
801 3.173316
802 3.177794
803 3.182236
804 3.186675
805 3.191226
806 3.195775
807 3.200234
808 3.204755
809 3.209284
810 3.213846
811 3.218306
812 3.222765
813 3.227284
814 3.231793
815 3.23625
816 3.240723
817 3.245196
818 3.249793
819 3.25445
820 3.259059
821 3.263672
822 3.268206
823 3.272928
824 3.278035
825 3.283017
826 3.287512
827 3.292071
828 3.29662
829 3.30114
830 3.30567
831 3.310202
832 3.314779
833 3.319377
834 3.323942
835 3.328545
836 3.333162
837 3.337728
838 3.342292
839 3.346923
840 3.35156
841 3.356204
842 3.360796
843 3.365399
844 3.369941
845 3.374465
846 3.379083
847 3.383753
848 3.388493
849 3.393134
850 3.397737
851 3.402374
852 3.407051
853 3.411591
854 3.416099
855 3.420618
856 3.425165
857 3.429875
858 3.43461
859 3.439343
860 3.443986
861 3.448736
862 3.453572
863 3.458382
864 3.463007
865 3.467616
866 3.472316
867 3.477065
868 3.48179
869 3.486371
870 3.490939
871 3.495589
872 3.50034
873 3.505259
874 3.51035
875 3.515287
876 3.520255
877 3.525024
878 3.52961
879 3.534249
880 3.538926
881 3.543666
882 3.548376
883 3.553338
884 3.559545
885 3.566778
886 3.573793
887 3.58068
888 3.587655
889 3.594512
890 3.601434
891 3.607631
892 3.612942
893 3.617654
894 3.622316
895 3.626969
896 3.631768
897 3.636554
898 3.641239
899 3.649283
900 3.657676
901 3.663229
902 3.668707
903 3.673852
904 3.678611
905 3.683288
906 3.687937
907 3.692705
908 3.697532
909 3.70223
910 3.706858
911 3.711493
912 3.716162
913 3.720827
914 3.725426
915 3.73005
916 3.734859
917 3.739729
918 3.74449
919 3.749289
920 3.754088
921 3.758916
922 3.763788
923 3.768586
924 3.773429
925 3.778333
926 3.783272
927 3.788013
928 3.792697
929 3.797379
930 3.802128
931 3.806938
932 3.811728
933 3.816574
934 3.821532
935 3.82651
936 3.831258
937 3.835954
938 3.840649
939 3.84535
940 3.850078
941 3.854806
942 3.859612
943 3.864459
944 3.869334
945 3.874064
946 3.878763
947 3.883476
948 3.888268
949 3.893053
950 3.897755
951 3.902474
952 3.907315
953 3.912241
954 3.917056
955 3.921806
956 3.926515
957 3.931252
958 3.936025
959 3.9408
960 3.945652
961 3.950562
962 3.955592
963 3.960483
964 3.965402
965 3.970259
966 3.97507
967 3.979903
968 3.984787
969 3.989754
970 3.994689
971 3.999586
972 4.004455
973 4.009621
974 4.014736
975 4.019555
976 4.024409
977 4.029293
978 4.034512
979 4.040919
980 4.048502
981 4.05608
982 4.062161
983 4.067247
984 4.072605
985 4.078179
986 4.083376
987 4.088289
988 4.09321
989 4.098047
990 4.102868
991 4.107857
992 4.11288
993 4.11787
994 4.122838
995 4.1278
996 4.132664
997 4.137578
998 4.142509
999 4.147427
